0,0.922225,0.044388,0.004359,0.002255,0.000666,0.000426,0.000197,0.000000,0.013443,0.012040
300,0.930337,0.036694,0.006147,0.003394,0.000914,0.000581,0.000220,0.001206,0.016778,0.003728
600,0.930366,0.036694,0.006127,0.003394,0.000914,0.000581,0.000220,0.001206,0.016769,0.003728
900,0.930353,0.036717,0.006127,0.003394,0.000905,0.000581,0.000220,0.001206,0.016775,0.003721
1200,0.930296,0.036734,0.006135,0.003402,0.000913,0.000581,0.000220,0.001213,0.016784,0.003721
1500,0.930296,0.036734,0.006135,0.003402,0.000913,0.000581,0.000220,0.001213,0.016784,0.003721
1800,0.930337,0.036719,0.006125,0.003396,0.000913,0.000581,0.000220,0.001213,0.016784,0.003711
2100,0.930349,0.036688,0.006125,0.003396,0.000913,0.000587,0.000220,0.001222,0.016790,0.003711
2400,0.930299,0.036715,0.006135,0.003396,0.000913,0.000587,0.000220,0.001222,0.016790,0.003721
2700,0.930151,0.036780,0.006168,0.003415,0.000927,0.000587,0.000220,0.001235,0.016796,0.003721
3000,0.930238,0.036742,0.006159,0.003404,0.000912,0.000593,0.000230,0.001235,0.016775,0.003711
3300,0.930238,0.036742,0.006159,0.003404,0.000912,0.000593,0.000230,0.001235,0.016775,0.003711
3600,0.930274,0.036703,0.006148,0.003404,0.000923,0.000585,0.000224,0.001245,0.016775,0.003721
3900,0.930179,0.036787,0.006160,0.003397,0.000923,0.000585,0.000224,0.001245,0.016780,0.003721
4200,0.930145,0.036769,0.006178,0.003414,0.000935,0.000585,0.000224,0.001245,0.016770,0.003737
4500,0.930092,0.036794,0.006206,0.003414,0.000918,0.000590,0.000232,0.001245,0.016758,0.003751
4800,0.929995,0.036847,0.006206,0.003403,0.000918,0.000599,0.000232,0.001245,0.016786,0.003770
5100,0.929976,0.036837,0.006222,0.003425,0.000946,0.000583,0.000220,0.001251,0.016786,0.003754
5400,0.930111,0.036780,0.006146,0.003425,0.000946,0.000583,0.000220,0.001250,0.016785,0.003754
5700,0.930149,0.036781,0.006146,0.003405,0.000924,0.000588,0.000226,0.001251,0.016767,0.003763
6000,0.930065,0.036816,0.006203,0.003410,0.000924,0.000582,0.000219,0.001251,0.016767,0.003763
6300,0.930182,0.036745,0.006183,0.003410,0.000933,0.000588,0.000230,0.001251,0.016738,0.003740
6600,0.930032,0.036819,0.006205,0.003410,0.000922,0.000601,0.000230,0.001251,0.016782,0.003748
6900,0.930008,0.036801,0.006215,0.003410,0.000928,0.000587,0.000230,0.001256,0.016782,0.003784
7200,0.930008,0.036801,0.006215,0.003410,0.000928,0.000587,0.000230,0.001256,0.016782,0.003784
7500,0.929940,0.036844,0.006227,0.003424,0.000943,0.000593,0.000230,0.001256,0.016774,0.003769
7800,0.929967,0.036857,0.006218,0.003424,0.000943,0.000586,0.000224,0.001256,0.016761,0.003763
8100,0.929858,0.036922,0.006203,0.003424,0.000937,0.000594,0.000224,0.001264,0.016782,0.003791
8400,0.929810,0.036946,0.006227,0.003424,0.000937,0.000594,0.000224,0.001264,0.016783,0.003791
8700,0.929881,0.036896,0.006214,0.003424,0.000929,0.000594,0.000229,0.001264,0.016782,0.003785
9000,0.929881,0.036896,0.006214,0.003424,0.000929,0.000594,0.000229,0.001264,0.016782,0.003785
9300,0.929995,0.036850,0.006198,0.003424,0.000929,0.000594,0.000229,0.001259,0.016749,0.003772
9600,0.930022,0.036864,0.006179,0.003424,0.000929,0.000588,0.000223,0.001259,0.016749,0.003762
9900,0.929987,0.036889,0.006188,0.003424,0.000929,0.000588,0.000223,0.001259,0.016761,0.003752
10200,0.930055,0.036864,0.006166,0.003424,0.000916,0.000588,0.000223,0.001259,0.016772,0.003733
10500,0.930062,0.036871,0.006151,0.003424,0.000916,0.000588,0.000223,0.001259,0.016772,0.003733
10800,0.930041,0.036870,0.006151,0.003424,0.000916,0.000588,0.000223,0.001259,0.016795,0.003733
11100,0.930248,0.036779,0.006099,0.003424,0.000902,0.000588,0.000223,0.001259,0.016785,0.003693
11400,0.930318,0.036744,0.006071,0.003424,0.000902,0.000588,0.000223,0.001259,0.016785,0.003687
11700,0.930217,0.036822,0.006085,0.003424,0.000893,0.000588,0.000223,0.001259,0.016802,0.003687
12000,0.930315,0.036736,0.006080,0.003424,0.000893,0.000588,0.000218,0.001259,0.016812,0.003675
12300,0.930315,0.036736,0.006080,0.003424,0.000893,0.000588,0.000218,0.001259,0.016812,0.003675
12600,0.930411,0.036736,0.006028,0.003416,0.000887,0.000588,0.000218,0.001259,0.016795,0.003664
12900,0.930436,0.036719,0.006020,0.003416,0.000887,0.000588,0.000218,0.001259,0.016795,0.003664
13200,0.930407,0.036718,0.006041,0.003425,0.000887,0.000588,0.000218,0.001259,0.016803,0.003655
13500,0.930376,0.036768,0.006027,0.003425,0.000877,0.000588,0.000218,0.001259,0.016813,0.003649
13800,0.930605,0.036640,0.005989,0.003416,0.000877,0.000581,0.000218,0.001252,0.016786,0.003638
14100,0.930654,0.036639,0.005955,0.003416,0.000867,0.000581,0.000212,0.001252,0.016786,0.003638
14400,0.930665,0.036618,0.005978,0.003416,0.000867,0.000581,0.000212,0.001252,0.016786,0.003625
14700,0.930665,0.036618,0.005978,0.003416,0.000867,0.000581,0.000212,0.001252,0.016786,0.003625
15000,0.930574,0.036691,0.005978,0.003416,0.000867,0.000581,0.000212,0.001252,0.016804,0.003625
15300,0.930669,0.036612,0.005978,0.003416,0.000867,0.000581,0.000212,0.001252,0.016788,0.003625
15600,0.930508,0.036707,0.005987,0.003426,0.000875,0.000581,0.000212,0.001252,0.016828,0.003625
15900,0.930513,0.036712,0.005969,0.003426,0.000875,0.000581,0.000212,0.001252,0.016835,0.003625
16200,0.930513,0.036712,0.005969,0.003426,0.000875,0.000581,0.000212,0.001252,0.016835,0.003625
16500,0.930702,0.036625,0.005951,0.003421,0.000868,0.000581,0.000212,0.001246,0.016781,0.003612
16800,0.930655,0.036642,0.005963,0.003426,0.000868,0.000581,0.000212,0.001246,0.016794,0.003612
17100,0.930668,0.036629,0.005969,0.003426,0.000868,0.000581,0.000212,0.001246,0.016789,0.003612
17400,0.930579,0.036666,0.005981,0.003426,0.000879,0.000581,0.000212,0.001246,0.016806,0.003624
17700,0.930697,0.036604,0.005969,0.003416,0.000879,0.000581,0.000212,0.001232,0.016794,0.003617
18000,0.930697,0.036604,0.005969,0.003416,0.000879,0.000581,0.000212,0.001232,0.016794,0.003617
18300,0.930520,0.036714,0.005982,0.003428,0.000873,0.000581,0.000212,0.001226,0.016825,0.003638
18600,0.930780,0.036556,0.005982,0.003423,0.000873,0.000581,0.000212,0.001214,0.016749,0.003629
18900,0.930693,0.036630,0.005968,0.003423,0.000873,0.000576,0.000212,0.001214,0.016782,0.003629
19200,0.930639,0.036655,0.005968,0.003423,0.000873,0.000576,0.000212,0.001214,0.016811,0.003629
19500,0.930732,0.036578,0.005975,0.003417,0.000873,0.000576,0.000212,0.001214,0.016794,0.003629
19800,0.930732,0.036578,0.005975,0.003417,0.000873,0.000576,0.000212,0.001214,0.016794,0.003629
20100,0.930592,0.036669,0.005988,0.003424,0.000873,0.000576,0.000212,0.001214,0.016813,0.003639
20400,0.930645,0.036640,0.005996,0.003415,0.000881,0.000576,0.000212,0.001208,0.016788,0.003639
20700,0.930623,0.036648,0.006005,0.003421,0.000881,0.000576,0.000212,0.001208,0.016788,0.003639
21000,0.930553,0.036666,0.006023,0.003421,0.000889,0.000576,0.000212,0.001208,0.016802,0.003651
21300,0.930573,0.036666,0.006008,0.003421,0.000889,0.000576,0.000212,0.001202,0.016802,0.003651
21600,0.930449,0.036728,0.006042,0.003429,0.000889,0.000576,0.000212,0.001202,0.016823,0.003651
21900,0.930449,0.036728,0.006042,0.003429,0.000889,0.000576,0.000212,0.001202,0.016823,0.003651
22200,0.930534,0.036676,0.006029,0.003429,0.000889,0.000576,0.000212,0.001202,0.016812,0.003642
22500,0.930477,0.036707,0.006029,0.003429,0.000889,0.000576,0.000212,0.001196,0.016844,0.003642
22800,0.930487,0.036692,0.006034,0.003428,0.000889,0.000576,0.000212,0.001196,0.016844,0.003642
23100,0.930384,0.036751,0.006043,0.003434,0.000897,0.000576,0.000212,0.001196,0.016856,0.003652
23400,0.930384,0.036751,0.006043,0.003434,0.000897,0.000576,0.000212,0.001196,0.016856,0.003652
23700,0.930384,0.036751,0.006043,0.003434,0.000897,0.000576,0.000212,0.001196,0.016856,0.003652
24000,0.930384,0.036751,0.006043,0.003434,0.000897,0.000576,0.000212,0.001196,0.016856,0.003652
24300,0.930384,0.036751,0.006043,0.003434,0.000897,0.000576,0.000212,0.001196,0.016856,0.003652
24600,0.930681,0.036636,0.006019,0.003402,0.000876,0.000576,0.000212,0.001196,0.016797,0.003606
24900,0.930723,0.036629,0.006004,0.003402,0.000865,0.000576,0.000217,0.001196,0.016797,0.003591
25200,0.930722,0.036629,0.006004,0.003402,0.000865,0.000576,0.000217,0.001196,0.016797,0.003591
25500,0.930714,0.036629,0.006004,0.003402,0.000874,0.000576,0.000217,0.001196,0.016797,0.003591
25800,0.930610,0.036701,0.006004,0.003402,0.000865,0.000581,0.000217,0.001202,0.016825,0.003591
26100,0.930756,0.036616,0.005995,0.003402,0.000865,0.000581,0.000217,0.001202,0.016788,0.003576
26400,0.930826,0.036585,0.005976,0.003402,0.000865,0.000581,0.000217,0.001202,0.016767,0.003576
26700,0.930761,0.036629,0.005998,0.003402,0.000865,0.000581,0.000217,0.001202,0.016767,0.003576
27000,0.930761,0.036629,0.005998,0.003402,0.000865,0.000581,0.000217,0.001202,0.016767,0.003576
27300,0.930578,0.036739,0.006019,0.003411,0.000871,0.000581,0.000217,0.001209,0.016798,0.003576
27600,0.930695,0.036678,0.005992,0.003405,0.000863,0.000581,0.000217,0.001209,0.016784,0.003576
27900,0.930833,0.036615,0.005969,0.003405,0.000863,0.000581,0.000217,0.001209,0.016747,0.003561
28200,0.930799,0.036632,0.005981,0.003405,0.000863,0.000581,0.000217,0.001209,0.016747,0.003566
28500,0.930735,0.036644,0.006003,0.003412,0.000863,0.000581,0.000217,0.001209,0.016761,0.003574
28800,0.930677,0.036702,0.005997,0.003412,0.000863,0.000581,0.000217,0.001209,0.016767,0.003574
29100,0.930843,0.036597,0.005967,0.003406,0.000863,0.000581,0.000217,0.001209,0.016749,0.003568
29400,0.930843,0.036597,0.005967,0.003406,0.000863,0.000581,0.000217,0.001209,0.016749,0.003568
29700,0.930839,0.036602,0.005959,0.003406,0.000863,0.000581,0.000217,0.001209,0.016755,0.003568
30000,0.930832,0.036617,0.005947,0.003406,0.000863,0.000581,0.000217,0.001215,0.016755,0.003568
30300,0.930833,0.036629,0.005947,0.003406,0.000849,0.000581,0.000217,0.001215,0.016755,0.003568
30600,0.930862,0.036571,0.005955,0.003406,0.000860,0.000581,0.000217,0.001215,0.016764,0.003568
30900,0.930862,0.036571,0.005955,0.003406,0.000860,0.000581,0.000217,0.001215,0.016764,0.003568
31200,0.930878,0.036586,0.005925,0.003406,0.000851,0.000581,0.000217,0.001215,0.016781,0.003559
31500,0.930947,0.036534,0.005918,0.003406,0.000851,0.000581,0.000217,0.001214,0.016771,0.003559
31800,0.930841,0.036593,0.005936,0.003419,0.000858,0.000581,0.000217,0.001215,0.016782,0.003559
32100,0.930897,0.036573,0.005916,0.003419,0.000851,0.000581,0.000217,0.001214,0.016772,0.003559
32400,0.930994,0.036513,0.005916,0.003408,0.000851,0.000581,0.000217,0.001214,0.016765,0.003540
32700,0.930994,0.036513,0.005916,0.003408,0.000851,0.000581,0.000217,0.001214,0.016765,0.003540
33000,0.931021,0.036503,0.005899,0.003408,0.000851,0.000581,0.000217,0.001214,0.016765,0.003540
33300,0.930894,0.036573,0.005907,0.003414,0.000851,0.000581,0.000217,0.001214,0.016796,0.003551
33600,0.930956,0.036552,0.005907,0.003414,0.000851,0.000581,0.000217,0.001214,0.016772,0.003534
33900,0.931041,0.036510,0.005894,0.003406,0.000851,0.000581,0.000212,0.001206,0.016765,0.003534
34200,0.931113,0.036465,0.005894,0.003401,0.000842,0.000575,0.000212,0.001206,0.016765,0.003528
34500,0.931113,0.036465,0.005894,0.003401,0.000842,0.000575,0.000212,0.001206,0.016765,0.003528
34800,0.931113,0.036472,0.005886,0.003401,0.000842,0.000575,0.000212,0.001206,0.016765,0.003528
35100,0.931176,0.036447,0.005869,0.003401,0.000842,0.000575,0.000212,0.001197,0.016765,0.003518
35400,0.931143,0.036466,0.005876,0.003401,0.000842,0.000575,0.000212,0.001197,0.016771,0.003518
35700,0.931038,0.036530,0.005877,0.003401,0.000842,0.000575,0.000212,0.001197,0.016801,0.003528
36000,0.931038,0.036530,0.005877,0.003401,0.000842,0.000575,0.000212,0.001197,0.016801,0.003528
36300,0.931255,0.036408,0.005853,0.003395,0.000833,0.000575,0.000212,0.001191,0.016756,0.003520
36600,0.931255,0.036408,0.005853,0.003395,0.000833,0.000575,0.000212,0.001191,0.016756,0.003520
36900,0.931233,0.036408,0.005865,0.003395,0.000833,0.000575,0.000212,0.001191,0.016768,0.003520
37200,0.931130,0.036470,0.005878,0.003395,0.000833,0.000575,0.000212,0.001191,0.016796,0.003520
37500,0.931169,0.036444,0.005878,0.003395,0.000833,0.000575,0.000212,0.001191,0.016783,0.003520
37800,0.931239,0.036434,0.005843,0.003395,0.000833,0.000575,0.000212,0.001191,0.016767,0.003512
38100,0.931133,0.036499,0.005861,0.003395,0.000833,0.000575,0.000212,0.001191,0.016789,0.003512
38400,0.931133,0.036499,0.005861,0.003395,0.000833,0.000575,0.000212,0.001191,0.016789,0.003512
38700,0.931200,0.036436,0.005870,0.003395,0.000833,0.000575,0.000212,0.001179,0.016779,0.003520
39000,0.931046,0.036537,0.005870,0.003395,0.000833,0.000575,0.000212,0.001179,0.016819,0.003534
39300,0.931176,0.036455,0.005876,0.003395,0.000840,0.000575,0.000212,0.001179,0.016774,0.003518
39600,0.931122,0.036473,0.005890,0.003395,0.000840,0.000575,0.000212,0.001179,0.016781,0.003532
39900,0.931122,0.036473,0.005890,0.003395,0.000840,0.000575,0.000212,0.001179,0.016781,0.003532
40200,0.931062,0.036524,0.005890,0.003395,0.000840,0.000575,0.000212,0.001179,0.016791,0.003532
40500,0.931133,0.036472,0.005878,0.003395,0.000834,0.000575,0.000212,0.001179,0.016791,0.003532
40800,0.931159,0.036472,0.005878,0.003395,0.000834,0.000575,0.000212,0.001179,0.016778,0.003519
41100,0.931136,0.036481,0.005878,0.003395,0.000839,0.000575,0.000212,0.001179,0.016778,0.003528
41400,0.931051,0.036533,0.005888,0.003395,0.000839,0.000575,0.000212,0.001179,0.016789,0.003540
41700,0.931051,0.036533,0.005888,0.003395,0.000839,0.000575,0.000212,0.001179,0.016789,0.003540
42000,0.931114,0.036485,0.005888,0.003395,0.000839,0.000575,0.000212,0.001179,0.016780,0.003534
42300,0.931112,0.036474,0.005900,0.003395,0.000839,0.000575,0.000212,0.001179,0.016780,0.003534
42600,0.931119,0.036474,0.005900,0.003395,0.000839,0.000575,0.000212,0.001179,0.016780,0.003528
42900,0.931068,0.036514,0.005888,0.003395,0.000839,0.000575,0.000212,0.001179,0.016794,0.003535
43200,0.931109,0.036490,0.005897,0.003389,0.000839,0.000575,0.000212,0.001179,0.016775,0.003535
43500,0.931109,0.036490,0.005897,0.003389,0.000839,0.000575,0.000212,0.001179,0.016775,0.003535
43800,0.931126,0.036464,0.005890,0.003394,0.000839,0.000575,0.000212,0.001184,0.016782,0.003535
44100,0.931126,0.036464,0.005890,0.003394,0.000839,0.000575,0.000212,0.001184,0.016782,0.003535
44400,0.931142,0.036455,0.005889,0.003394,0.000839,0.000575,0.000212,0.001184,0.016782,0.003528
44700,0.931100,0.036498,0.005895,0.003394,0.000839,0.000575,0.000212,0.001184,0.016776,0.003528
45000,0.931129,0.036463,0.005895,0.003394,0.000839,0.000575,0.000212,0.001184,0.016776,0.003533
45300,0.931013,0.036534,0.005908,0.003394,0.000844,0.000575,0.000212,0.001184,0.016802,0.003533
45600,0.931013,0.036534,0.005908,0.003394,0.000844,0.000575,0.000212,0.001184,0.016802,0.003533
45900,0.930991,0.036534,0.005913,0.003401,0.000844,0.000575,0.000212,0.001184,0.016802,0.003542
46200,0.931012,0.036534,0.005913,0.003401,0.000844,0.000575,0.000212,0.001178,0.016767,0.003564
46500,0.930847,0.036617,0.005933,0.003412,0.000852,0.000575,0.000212,0.001178,0.016799,0.003575
46800,0.931002,0.036549,0.005926,0.003406,0.000852,0.000575,0.000212,0.001178,0.016725,0.003575
47100,0.930972,0.036531,0.005926,0.003406,0.000852,0.000575,0.000212,0.001185,0.016766,0.003575
47400,0.930972,0.036531,0.005926,0.003406,0.000852,0.000575,0.000212,0.001185,0.016766,0.003575
47700,0.930948,0.036548,0.005933,0.003406,0.000852,0.000575,0.000212,0.001185,0.016766,0.003575
48000,0.931059,0.036507,0.005895,0.003406,0.000838,0.000575,0.000212,0.001185,0.016759,0.003565
48300,0.930961,0.036555,0.005910,0.003406,0.000843,0.000575,0.000212,0.001185,0.016788,0.003565
48600,0.931052,0.036511,0.005919,0.003389,0.000834,0.000575,0.000212,0.001178,0.016765,0.003565
48900,0.931052,0.036501,0.005909,0.003389,0.000834,0.000580,0.000212,0.001186,0.016772,0.003565
49200,0.931052,0.036501,0.005909,0.003389,0.000834,0.000580,0.000212,0.001186,0.016772,0.003565
49500,0.931052,0.036501,0.005909,0.003389,0.000834,0.000580,0.000212,0.001186,0.016772,0.003565
49800,0.930938,0.036579,0.005920,0.003395,0.000828,0.000580,0.000212,0.001186,0.016799,0.003565
50100,0.931029,0.036531,0.005920,0.003395,0.000834,0.000580,0.000212,0.001186,0.016748,0.003565
50400,0.931105,0.036476,0.005906,0.003384,0.000822,0.000580,0.000212,0.001186,0.016771,0.003559
50700,0.931105,0.036476,0.005906,0.003384,0.000822,0.000580,0.000212,0.001186,0.016771,0.003559
51000,0.930993,0.036547,0.005921,0.003392,0.000828,0.000580,0.000212,0.001197,0.016771,0.003559
51300,0.930992,0.036540,0.005914,0.003392,0.000828,0.000586,0.000212,0.001197,0.016771,0.003567
51600,0.930997,0.036552,0.005906,0.003392,0.000828,0.000579,0.000212,0.001197,0.016771,0.003567
51900,0.930954,0.036582,0.005892,0.003392,0.000821,0.000579,0.000212,0.001197,0.016799,0.003572
52200,0.931046,0.036524,0.005885,0.003385,0.000821,0.000579,0.000212,0.001197,0.016791,0.003559
52500,0.930954,0.036582,0.005897,0.003385,0.000821,0.000579,0.000212,0.001188,0.016810,0.003571
52800,0.930928,0.036560,0.005931,0.003391,0.000826,0.000579,0.000212,0.001194,0.016816,0.003562
53100,0.930928,0.036560,0.005931,0.003391,0.000826,0.000579,0.000212,0.001194,0.016816,0.003562
53400,0.930985,0.036560,0.005906,0.003385,0.000819,0.000579,0.000212,0.001185,0.016808,0.003562
53700,0.930998,0.036560,0.005899,0.003385,0.000819,0.000579,0.000212,0.001185,0.016801,0.003562
54000,0.931057,0.036504,0.005899,0.003378,0.000819,0.000579,0.000212,0.001195,0.016795,0.003562
54300,0.931043,0.036513,0.005899,0.003395,0.000831,0.000579,0.000212,0.001195,0.016787,0.003546
54600,0.931043,0.036513,0.005899,0.003395,0.000831,0.000579,0.000212,0.001195,0.016787,0.003546
54900,0.930916,0.036601,0.005911,0.003387,0.000817,0.000579,0.000212,0.001195,0.016810,0.003571
55200,0.930999,0.036560,0.005903,0.003381,0.000817,0.000579,0.000212,0.001190,0.016797,0.003561
55500,0.930982,0.036577,0.005903,0.003381,0.000817,0.000579,0.000212,0.001190,0.016797,0.003561
55800,0.930974,0.036567,0.005909,0.003387,0.000824,0.000579,0.000212,0.001190,0.016797,0.003561
56100,0.930935,0.036591,0.005909,0.003387,0.000824,0.000579,0.000212,0.001190,0.016812,0.003561
56400,0.930935,0.036591,0.005909,0.003387,0.000824,0.000579,0.000212,0.001190,0.016812,0.003561
56700,0.931055,0.036567,0.005901,0.003379,0.000813,0.000579,0.000212,0.001190,0.016747,0.003555
57000,0.931051,0.036516,0.005910,0.003379,0.000813,0.000579,0.000212,0.001190,0.016794,0.003555
57300,0.930988,0.036564,0.005910,0.003379,0.000813,0.000579,0.000212,0.001190,0.016809,0.003555
57600,0.931093,0.036509,0.005875,0.003379,0.000819,0.000573,0.000212,0.001190,0.016789,0.003560
57900,0.930987,0.036579,0.005899,0.003385,0.000819,0.000573,0.000212,0.001190,0.016790,0.003566
58200,0.930987,0.036579,0.005899,0.003385,0.000819,0.000573,0.000212,0.001190,0.016790,0.003566
58500,0.931030,0.036536,0.005899,0.003385,0.000819,0.000573,0.000212,0.001190,0.016790,0.003566
58800,0.930996,0.036583,0.005886,0.003385,0.000819,0.000573,0.000212,0.001190,0.016790,0.003566
59100,0.930878,0.036628,0.005916,0.003390,0.000827,0.000573,0.000212,0.001190,0.016806,0.003580
59400,0.930839,0.036628,0.005938,0.003390,0.000827,0.000579,0.000212,0.001190,0.016818,0.003580
59700,0.930826,0.036627,0.005938,0.003396,0.000827,0.000579,0.000212,0.001190,0.016825,0.003580
60000,0.930816,0.036677,0.005921,0.003390,0.000827,0.000579,0.000212,0.001190,0.016813,0.003574
60300,0.930874,0.036628,0.005913,0.003390,0.000827,0.000579,0.000212,0.001190,0.016813,0.003574
60600,0.930948,0.036568,0.005913,0.003385,0.000827,0.000579,0.000212,0.001190,0.016797,0.003582
60900,0.930968,0.036554,0.005918,0.003384,0.000827,0.000579,0.000212,0.001190,0.016797,0.003571
61200,0.930951,0.036554,0.005918,0.003390,0.000827,0.000579,0.000212,0.001190,0.016808,0.003571
61500,0.931002,0.036549,0.005918,0.003383,0.000827,0.000579,0.000212,0.001190,0.016770,0.003571
61800,0.930831,0.036619,0.005928,0.003395,0.000827,0.000579,0.000212,0.001190,0.016838,0.003582
62100,0.930831,0.036619,0.005928,0.003395,0.000827,0.000579,0.000212,0.001190,0.016838,0.003582
62400,0.931005,0.036541,0.005899,0.003383,0.000827,0.000579,0.000212,0.001183,0.016795,0.003576
62700,0.931064,0.036535,0.005899,0.003377,0.000827,0.000570,0.000212,0.001183,0.016765,0.003568
63000,0.930984,0.036581,0.005905,0.003377,0.000827,0.000577,0.000212,0.001183,0.016795,0.003558
63300,0.930988,0.036581,0.005898,0.003377,0.000815,0.000577,0.000212,0.001183,0.016795,0.003574
63600,0.930948,0.036596,0.005921,0.003377,0.000815,0.000577,0.000212,0.001183,0.016795,0.003574
63900,0.930948,0.036596,0.005921,0.003377,0.000821,0.000572,0.000212,0.001183,0.016795,0.003574
64200,0.930993,0.036578,0.005914,0.003377,0.000821,0.000572,0.000206,0.001183,0.016795,0.003560
64500,0.931008,0.036503,0.005914,0.003385,0.000835,0.000572,0.000206,0.001183,0.016805,0.003589
64800,0.930951,0.036568,0.005914,0.003385,0.000835,0.000572,0.000206,0.001183,0.016805,0.003580
65100,0.930994,0.036558,0.005914,0.003385,0.000835,0.000572,0.000206,0.001183,0.016772,0.003581
65400,0.930994,0.036558,0.005914,0.003385,0.000835,0.000572,0.000206,0.001183,0.016772,0.003581
65700,0.930980,0.036541,0.005908,0.003392,0.000842,0.000572,0.000213,0.001183,0.016802,0.003566
66000,0.930996,0.036569,0.005901,0.003377,0.000815,0.000583,0.000219,0.001183,0.016802,0.003555
66300,0.931029,0.036551,0.005887,0.003377,0.000815,0.000576,0.000219,0.001183,0.016802,0.003561
66600,0.930922,0.036603,0.005895,0.003401,0.000837,0.000576,0.000219,0.001183,0.016802,0.003561
66900,0.931052,0.036560,0.005883,0.003376,0.000801,0.000576,0.000219,0.001183,0.016789,0.003561
67200,0.931052,0.036560,0.005883,0.003376,0.000801,0.000576,0.000219,0.001183,0.016789,0.003561
67500,0.931058,0.036566,0.005883,0.003376,0.000801,0.000576,0.000213,0.001183,0.016789,0.003555
67800,0.931056,0.036538,0.005883,0.003376,0.000809,0.000582,0.000213,0.001183,0.016814,0.003545
68100,0.931181,0.036495,0.005875,0.003362,0.000799,0.000582,0.000219,0.001183,0.016778,0.003525
68400,0.931117,0.036502,0.005897,0.003372,0.000799,0.000574,0.000207,0.001183,0.016799,0.003551
68700,0.931077,0.036541,0.005897,0.003365,0.000799,0.000583,0.000219,0.001183,0.016799,0.003537
69000,0.931111,0.036495,0.005897,0.003372,0.000807,0.000576,0.000213,0.001183,0.016799,0.003546
69300,0.931111,0.036495,0.005897,0.003372,0.000807,0.000576,0.000213,0.001183,0.016799,0.003546
69600,0.931113,0.036478,0.005897,0.003382,0.000813,0.000583,0.000213,0.001183,0.016792,0.003546
69900,0.931091,0.036494,0.005897,0.003382,0.000813,0.000571,0.000207,0.001183,0.016799,0.003563
70200,0.931121,0.036495,0.005866,0.003368,0.000804,0.000583,0.000207,0.001195,0.016799,0.003563
70500,0.931078,0.036468,0.005886,0.003389,0.000835,0.000568,0.000207,0.001201,0.016799,0.003569
70800,0.931159,0.036457,0.005860,0.003376,0.000824,0.000568,0.000207,0.001201,0.016799,0.003550
71100,0.931159,0.036457,0.005860,0.003376,0.000824,0.000568,0.000207,0.001201,0.016799,0.003550
71400,0.931121,0.036444,0.005889,0.003376,0.000824,0.000579,0.000215,0.001194,0.016808,0.003550
71700,0.931150,0.036459,0.005865,0.003382,0.000835,0.000566,0.000210,0.001183,0.016800,0.003550
72000,0.931147,0.036453,0.005865,0.003382,0.000835,0.000566,0.000210,0.001176,0.016816,0.003550
72300,0.930887,0.036653,0.005909,0.003392,0.000835,0.000566,0.000210,0.001189,0.016810,0.003550
72600,0.931158,0.036441,0.005869,0.003379,0.000818,0.000577,0.000210,0.001201,0.016790,0.003555
72900,0.931158,0.036441,0.005869,0.003379,0.000818,0.000577,0.000210,0.001201,0.016790,0.003555
73200,0.930980,0.036524,0.005905,0.003388,0.000835,0.000577,0.000218,0.001194,0.016837,0.003542
73500,0.931074,0.036540,0.005890,0.003354,0.000797,0.000584,0.000218,0.001185,0.016816,0.003542
73800,0.931207,0.036476,0.005822,0.003360,0.000783,0.000584,0.000218,0.001185,0.016803,0.003563
74100,0.931136,0.036521,0.005866,0.003360,0.000806,0.000571,0.000205,0.001185,0.016803,0.003547
74400,0.931136,0.036521,0.005866,0.003360,0.000806,0.000571,0.000205,0.001185,0.016803,0.003547
74700,0.931068,0.036502,0.005901,0.003378,0.000833,0.000571,0.000205,0.001185,0.016809,0.003547
75000,0.931021,0.036509,0.005913,0.003378,0.000841,0.000571,0.000214,0.001185,0.016821,0.003547
75300,0.931117,0.036509,0.005877,0.003359,0.000801,0.000581,0.000214,0.001185,0.016803,0.003554
75600,0.931097,0.036480,0.005885,0.003374,0.000828,0.000567,0.000208,0.001185,0.016803,0.003573
75900,0.931131,0.036433,0.005885,0.003374,0.000834,0.000567,0.000208,0.001185,0.016815,0.003567
76200,0.931133,0.036433,0.005885,0.003361,0.000810,0.000573,0.000208,0.001193,0.016827,0.003578
76500,0.931100,0.036527,0.005876,0.003355,0.000800,0.000573,0.000208,0.001193,0.016816,0.003553
76800,0.931100,0.036527,0.005876,0.003355,0.000800,0.000573,0.000208,0.001193,0.016816,0.003553
77100,0.931085,0.036511,0.005870,0.003376,0.000821,0.000573,0.000214,0.001193,0.016803,0.003553
77400,0.931142,0.036462,0.005870,0.003364,0.000802,0.000583,0.000214,0.001201,0.016797,0.003566
77700,0.930949,0.036516,0.005914,0.003388,0.000835,0.000583,0.000214,0.001201,0.016829,0.003572
78000,0.930964,0.036581,0.005883,0.003380,0.000822,0.000571,0.000209,0.001201,0.016829,0.003561
78300,0.931042,0.036503,0.005882,0.003380,0.000822,0.000571,0.000209,0.001201,0.016829,0.003561
78600,0.931053,0.036503,0.005883,0.003386,0.000835,0.000581,0.000209,0.001201,0.016796,0.003554
78900,0.930916,0.036597,0.005920,0.003379,0.000818,0.000573,0.000209,0.001201,0.016821,0.003566
79200,0.931068,0.036515,0.005864,0.003389,0.000830,0.000573,0.000219,0.001206,0.016779,0.003557
79500,0.930938,0.036594,0.005890,0.003389,0.000825,0.000573,0.000207,0.001206,0.016794,0.003584
79800,0.930136,0.036963,0.006050,0.003430,0.000843,0.000573,0.000216,0.001206,0.016765,0.003819
80100,0.930136,0.036963,0.006050,0.003430,0.000843,0.000573,0.000216,0.001206,0.016765,0.003819
80400,0.930119,0.036928,0.006060,0.003442,0.000860,0.000585,0.000216,0.001206,0.016765,0.003819
80700,0.930379,0.036831,0.006009,0.003424,0.000848,0.000585,0.000216,0.001199,0.016753,0.003755
81000,0.930571,0.036746,0.005980,0.003415,0.000848,0.000585,0.000216,0.001199,0.016762,0.003679
81300,0.930680,0.036694,0.005959,0.003399,0.000841,0.000585,0.000216,0.001199,0.016762,0.003665
81600,0.930817,0.036626,0.005920,0.003388,0.000822,0.000585,0.000209,0.001207,0.016793,0.003633
81900,0.930817,0.036626,0.005920,0.003388,0.000822,0.000585,0.000209,0.001207,0.016793,0.003633
82200,0.930752,0.036687,0.005927,0.003388,0.000822,0.000576,0.000215,0.001207,0.016793,0.003633
82500,0.930733,0.036639,0.005952,0.003397,0.000837,0.000576,0.000215,0.001213,0.016805,0.003633
82800,0.930702,0.036661,0.005952,0.003397,0.000837,0.000576,0.000215,0.001213,0.016821,0.003626
83100,0.930870,0.036625,0.005905,0.003397,0.000824,0.000576,0.000215,0.001213,0.016771,0.003605
83400,0.930870,0.036625,0.005905,0.003397,0.000824,0.000576,0.000215,0.001213,0.016771,0.003605
83700,0.930927,0.036598,0.005905,0.003397,0.000824,0.000576,0.000215,0.001213,0.016740,0.003605
84000,0.930977,0.036548,0.005892,0.003386,0.000824,0.000576,0.000209,0.001213,0.016798,0.003577
84300,0.930931,0.036570,0.005899,0.003386,0.000824,0.000576,0.000209,0.001213,0.016816,0.003577
84600,0.931038,0.036511,0.005893,0.003386,0.000824,0.000576,0.000209,0.001213,0.016792,0.003559
84900,0.930975,0.036533,0.005909,0.003386,0.000824,0.000576,0.000209,0.001213,0.016822,0.003553
85200,0.931118,0.036513,0.005873,0.003374,0.000818,0.000576,0.000209,0.001213,0.016754,0.003553
85500,0.931098,0.036493,0.005894,0.003374,0.000824,0.000576,0.000209,0.001213,0.016767,0.003553
85800,0.931098,0.036493,0.005894,0.003374,0.000824,0.000576,0.000209,0.001213,0.016767,0.003553
86100,0.930938,0.036561,0.005914,0.003379,0.000824,0.000576,0.000209,0.001213,0.016834,0.003553
86400,0.931120,0.036514,0.005871,0.003379,0.000814,0.000576,0.000209,0.001213,0.016751,0.003553
86700,0.930906,0.036598,0.005905,0.003385,0.000824,0.000576,0.000216,0.001213,0.016836,0.003543
87000,0.930967,0.036537,0.005905,0.003385,0.000824,0.000576,0.000216,0.001213,0.016836,0.003543
87300,0.931100,0.036506,0.005863,0.003376,0.000813,0.000576,0.000216,0.001213,0.016810,0.003527
87600,0.931100,0.036506,0.005863,0.003376,0.000813,0.000576,0.000216,0.001213,0.016810,0.003527
87900,0.931043,0.036526,0.005891,0.003381,0.000824,0.000576,0.000216,0.001213,0.016804,0.003527
88200,0.931145,0.036488,0.005849,0.003372,0.000810,0.000576,0.000216,0.001220,0.016804,0.003521
88500,0.931063,0.036516,0.005877,0.003377,0.000816,0.000576,0.000216,0.001220,0.016820,0.003521
88800,0.931090,0.036516,0.005860,0.003377,0.000816,0.000576,0.000210,0.001220,0.016814,0.003521
89100,0.931090,0.036516,0.005860,0.003377,0.000816,0.000576,0.000210,0.001220,0.016814,0.003521
89400,0.931136,0.036495,0.005847,0.003377,0.000816,0.000576,0.000210,0.001231,0.016801,0.003511
89700,0.931243,0.036430,0.005827,0.003377,0.000807,0.000576,0.000210,0.001231,0.016788,0.003511
90000,0.931082,0.036493,0.005871,0.003377,0.000815,0.000576,0.000210,0.001237,0.016806,0.003533
90300,0.931092,0.036479,0.005871,0.003383,0.000815,0.000576,0.000216,0.001237,0.016798,0.003533
90600,0.930874,0.036610,0.005887,0.003392,0.000824,0.000576,0.000216,0.001244,0.016838,0.003539
90900,0.930874,0.036610,0.005887,0.003392,0.000824,0.000576,0.000216,0.001244,0.016838,0.003539
91200,0.931026,0.036554,0.005873,0.003383,0.000814,0.000576,0.000216,0.001244,0.016775,0.003539
91500,0.930969,0.036554,0.005882,0.003383,0.000820,0.000576,0.000216,0.001244,0.016818,0.003539
91800,0.930801,0.036629,0.005929,0.003398,0.000832,0.000582,0.000216,0.001244,0.016825,0.003544
92100,0.930956,0.036545,0.005876,0.003393,0.000822,0.000582,0.000216,0.001244,0.016814,0.003553
92400,0.930951,0.036534,0.005892,0.003393,0.000828,0.000582,0.000216,0.001244,0.016826,0.003534
92700,0.931051,0.036483,0.005877,0.003383,0.000822,0.000582,0.000210,0.001244,0.016808,0.003540
93000,0.931051,0.036483,0.005877,0.003383,0.000822,0.000582,0.000210,0.001244,0.016808,0.003540
93300,0.930918,0.036561,0.005902,0.003390,0.000822,0.000582,0.000216,0.001244,0.016824,0.003540
93600,0.931083,0.036465,0.005871,0.003381,0.000822,0.000582,0.000216,0.001244,0.016804,0.003533
93900,0.931015,0.036517,0.005881,0.003381,0.000822,0.000574,0.000216,0.001244,0.016804,0.003545
94200,0.931101,0.036506,0.005874,0.003375,0.000817,0.000581,0.000216,0.001244,0.016758,0.003527
94500,0.931111,0.036451,0.005854,0.003381,0.000817,0.000581,0.000216,0.001244,0.016810,0.003535
94800,0.931111,0.036451,0.005854,0.003381,0.000817,0.000581,0.000216,0.001244,0.016810,0.003535
95100,0.931024,0.036524,0.005867,0.003381,0.000817,0.000581,0.000216,0.001244,0.016810,0.003535
95400,0.930993,0.036499,0.005891,0.003381,0.000823,0.000581,0.000216,0.001244,0.016823,0.003549
95700,0.931031,0.036519,0.005867,0.003381,0.000823,0.000581,0.000216,0.001244,0.016780,0.003557
96000,0.930947,0.036547,0.005889,0.003390,0.000823,0.000581,0.000210,0.001244,0.016811,0.003557
96300,0.930855,0.036585,0.005913,0.003390,0.000823,0.000581,0.000210,0.001244,0.016836,0.003562
96600,0.930855,0.036585,0.005913,0.003390,0.000823,0.000581,0.000210,0.001244,0.016836,0.003562
96900,0.930906,0.036558,0.005913,0.003390,0.000832,0.000581,0.000210,0.001244,0.016803,0.003562
97200,0.930858,0.036575,0.005907,0.003390,0.000832,0.000581,0.000210,0.001244,0.016840,0.003562
97500,0.930897,0.036554,0.005923,0.003390,0.000832,0.000581,0.000210,0.001244,0.016818,0.003551
97800,0.931053,0.036505,0.005859,0.003383,0.000822,0.000581,0.000210,0.001244,0.016792,0.003550
98100,0.931053,0.036505,0.005859,0.003383,0.000822,0.000581,0.000210,0.001244,0.016792,0.003550
98400,0.931071,0.036505,0.005846,0.003376,0.000813,0.000581,0.000210,0.001251,0.016810,0.003537
98700,0.931031,0.036520,0.005861,0.003386,0.000813,0.000581,0.000210,0.001251,0.016810,0.003537
99000,0.931112,0.036479,0.005861,0.003371,0.000813,0.000581,0.000210,0.001235,0.016801,0.003537
99300,0.930985,0.036592,0.005889,0.003385,0.000813,0.000581,0.000210,0.001224,0.016793,0.003529
99600,0.931150,0.036480,0.005854,0.003369,0.000813,0.000573,0.000210,0.001218,0.016805,0.003529
99900,0.931150,0.036480,0.005854,0.003369,0.000813,0.000573,0.000210,0.001218,0.016805,0.003529
100200,0.931127,0.036492,0.005856,0.003375,0.000813,0.000573,0.000210,0.001218,0.016791,0.003545
100500,0.931127,0.036492,0.005856,0.003375,0.000813,0.000573,0.000210,0.001218,0.016791,0.003545
100800,0.931123,0.036484,0.005865,0.003375,0.000818,0.000573,0.000210,0.001209,0.016797,0.003545
101100,0.931055,0.036564,0.005880,0.003375,0.000808,0.000573,0.000210,0.001197,0.016802,0.003535
101400,0.931085,0.036523,0.005869,0.003375,0.000818,0.000573,0.000210,0.001197,0.016816,0.003535
101700,0.931057,0.036540,0.005897,0.003375,0.000818,0.000573,0.000210,0.001188,0.016808,0.003535
102000,0.931099,0.036510,0.005884,0.003375,0.000818,0.000573,0.000210,0.001188,0.016808,0.003535
102300,0.931100,0.036510,0.005884,0.003375,0.000818,0.000573,0.000210,0.001180,0.016808,0.003543
102600,0.931193,0.036472,0.005857,0.003368,0.000818,0.000573,0.000210,0.001180,0.016798,0.003532
102900,0.931124,0.036514,0.005877,0.003368,0.000818,0.000573,0.000210,0.001158,0.016815,0.003543
103200,0.931146,0.036523,0.005864,0.003368,0.000813,0.000573,0.000210,0.001158,0.016802,0.003543
103500,0.931085,0.036586,0.005864,0.003381,0.000813,0.000573,0.000210,0.001158,0.016787,0.003543
103800,0.931085,0.036586,0.005864,0.003381,0.000813,0.000573,0.000210,0.001158,0.016787,0.003543
104100,0.931142,0.036546,0.005856,0.003371,0.000813,0.000565,0.000210,0.001158,0.016806,0.003532
104400,0.931200,0.036476,0.005873,0.003377,0.000813,0.000565,0.000210,0.001158,0.016795,0.003532
104700,0.931156,0.036533,0.005863,0.003377,0.000813,0.000565,0.000210,0.001158,0.016785,0.003540
105000,0.931164,0.036521,0.005863,0.003371,0.000813,0.000565,0.000210,0.001158,0.016795,0.003540
105300,0.931230,0.036521,0.005814,0.003371,0.000802,0.000565,0.000210,0.001158,0.016789,0.003540
105600,0.931230,0.036521,0.005814,0.003371,0.000802,0.000565,0.000210,0.001158,0.016789,0.003540
105900,0.931135,0.036502,0.005878,0.003371,0.000809,0.000565,0.000210,0.001163,0.016827,0.003540
106200,0.931203,0.036481,0.005858,0.003371,0.000809,0.000565,0.000210,0.001163,0.016791,0.003549
106500,0.931134,0.036496,0.005892,0.003371,0.000818,0.000570,0.000210,0.001163,0.016811,0.003534
106800,0.931107,0.036543,0.005879,0.003371,0.000818,0.000570,0.000210,0.001163,0.016800,0.003539
107100,0.931138,0.036521,0.005869,0.003371,0.000818,0.000571,0.000210,0.001163,0.016801,0.003539
107400,0.931114,0.036520,0.005868,0.003371,0.000812,0.000570,0.000210,0.001168,0.016827,0.003539
107700,0.931153,0.036526,0.005863,0.003371,0.000812,0.000570,0.000210,0.001168,0.016787,0.003539
108000,0.931072,0.036521,0.005902,0.003371,0.000812,0.000570,0.000210,0.001168,0.016835,0.003539
108300,0.931187,0.036491,0.005847,0.003371,0.000806,0.000570,0.000210,0.001168,0.016810,0.003539
108600,0.931094,0.036537,0.005879,0.003371,0.000812,0.000570,0.000210,0.001168,0.016810,0.003548
108900,0.931112,0.036538,0.005879,0.003371,0.000805,0.000570,0.000210,0.001168,0.016810,0.003537
109200,0.930955,0.036573,0.005927,0.003377,0.000815,0.000592,0.000221,0.001168,0.016820,0.003552
109500,0.930955,0.036573,0.005927,0.003377,0.000815,0.000592,0.000221,0.001168,0.016820,0.003552
109800,0.930955,0.036573,0.005927,0.003377,0.000815,0.000592,0.000221,0.001168,0.016820,0.003552
110100,0.930955,0.036573,0.005927,0.003377,0.000815,0.000592,0.000221,0.001168,0.016820,0.003552
110400,0.930955,0.036573,0.005927,0.003377,0.000815,0.000592,0.000221,0.001168,0.016820,0.003552
110700,0.931133,0.036484,0.005863,0.003395,0.000829,0.000566,0.000205,0.001168,0.016811,0.003545
111000,0.931147,0.036473,0.005878,0.003395,0.000829,0.000566,0.000205,0.001168,0.016792,0.003545
111300,0.931147,0.036473,0.005878,0.003395,0.000829,0.000566,0.000205,0.001168,0.016792,0.003545
111600,0.931239,0.036437,0.005853,0.003383,0.000824,0.000566,0.000205,0.001155,0.016792,0.003545
111900,0.931122,0.036524,0.005861,0.003392,0.000829,0.000561,0.000205,0.001155,0.016805,0.003545
112200,0.931243,0.036439,0.005849,0.003382,0.000829,0.000567,0.000205,0.001155,0.016785,0.003545
112500,0.931150,0.036495,0.005881,0.003382,0.000829,0.000567,0.000205,0.001155,0.016798,0.003538
112800,0.931150,0.036495,0.005881,0.003382,0.000829,0.000567,0.000205,0.001155,0.016798,0.003538
113100,0.931168,0.036477,0.005881,0.003382,0.000829,0.000567,0.000205,0.001155,0.016798,0.003538
113400,0.931224,0.036447,0.005855,0.003382,0.000829,0.000567,0.000205,0.001155,0.016798,0.003538
113700,0.931254,0.036456,0.005855,0.003382,0.000829,0.000567,0.000205,0.001155,0.016759,0.003538
114000,0.931235,0.036408,0.005872,0.003382,0.000829,0.000567,0.000205,0.001155,0.016809,0.003538
114300,0.931094,0.036523,0.005872,0.003389,0.000829,0.000567,0.000205,0.001155,0.016827,0.003538
114600,0.931094,0.036523,0.005872,0.003389,0.000829,0.000567,0.000205,0.001155,0.016827,0.003538
114900,0.931175,0.036457,0.005872,0.003384,0.000829,0.000567,0.000205,0.001155,0.016818,0.003538
115200,0.931184,0.036464,0.005872,0.003384,0.000829,0.000567,0.000205,0.001155,0.016803,0.003538
115500,0.931260,0.036417,0.005853,0.003384,0.000829,0.000567,0.000205,0.001161,0.016786,0.003538
115800,0.931169,0.036450,0.005886,0.003384,0.000829,0.000567,0.000205,0.001161,0.016802,0.003547
116100,0.931126,0.036512,0.005858,0.003391,0.000829,0.000567,0.000205,0.001161,0.016810,0.003540
116400,0.931126,0.036512,0.005858,0.003391,0.000829,0.000567,0.000205,0.001161,0.016810,0.003540
116700,0.931160,0.036483,0.005871,0.003383,0.000829,0.000567,0.000205,0.001152,0.016810,0.003540
117000,0.931160,0.036483,0.005871,0.003383,0.000829,0.000567,0.000205,0.001152,0.016810,0.003540
117300,0.931276,0.036431,0.005834,0.003383,0.000823,0.000567,0.000205,0.001152,0.016783,0.003545
117600,0.931171,0.036481,0.005873,0.003383,0.000823,0.000567,0.000205,0.001152,0.016805,0.003539
117900,0.931153,0.036476,0.005883,0.003383,0.000830,0.000567,0.000205,0.001152,0.016805,0.003546
118200,0.931129,0.036517,0.005874,0.003388,0.000830,0.000567,0.000205,0.001157,0.016786,0.003546
118500,0.931129,0.036517,0.005874,0.003388,0.000830,0.000567,0.000205,0.001157,0.016786,0.003546
118800,0.931151,0.036501,0.005874,0.003388,0.000830,0.000567,0.000205,0.001152,0.016796,0.003534
119100,0.931242,0.036416,0.005874,0.003383,0.000830,0.000567,0.000205,0.001152,0.016796,0.003534
119400,0.931163,0.036480,0.005882,0.003383,0.000830,0.000567,0.000205,0.001152,0.016797,0.003541
119700,0.931206,0.036445,0.005854,0.003383,0.000830,0.000567,0.000205,0.001158,0.016811,0.003541
120000,0.931130,0.036495,0.005880,0.003383,0.000830,0.000567,0.000205,0.001158,0.016811,0.003541
120300,0.931130,0.036495,0.005880,0.003383,0.000830,0.000567,0.000205,0.001158,0.016811,0.003541
120600,0.931119,0.036510,0.005869,0.003383,0.000830,0.000567,0.000205,0.001153,0.016824,0.003541
120900,0.931126,0.036498,0.005869,0.003383,0.000825,0.000567,0.000205,0.001153,0.016824,0.003550
121200,0.931079,0.036543,0.005862,0.003397,0.000832,0.000567,0.000205,0.001153,0.016804,0.003558
121500,0.931191,0.036462,0.005862,0.003385,0.000832,0.000567,0.000205,0.001153,0.016804,0.003538
121800,0.931150,0.036487,0.005879,0.003385,0.000832,0.000567,0.000205,0.001153,0.016804,0.003538
122100,0.931170,0.036487,0.005879,0.003385,0.000825,0.000567,0.000205,0.001153,0.016798,0.003530
122400,0.931178,0.036455,0.005884,0.003380,0.000834,0.000567,0.000205,0.001153,0.016807,0.003537
122700,0.931141,0.036492,0.005884,0.003389,0.000834,0.000567,0.000205,0.001153,0.016797,0.003537
123000,0.931167,0.036447,0.005884,0.003382,0.000834,0.000567,0.000205,0.001153,0.016816,0.003546
123300,0.931193,0.036475,0.005869,0.003382,0.000829,0.000567,0.000205,0.001153,0.016799,0.003529
123600,0.931193,0.036475,0.005869,0.003382,0.000829,0.000567,0.000205,0.001153,0.016799,0.003529
123900,0.931187,0.036491,0.005859,0.003382,0.000829,0.000567,0.000205,0.001153,0.016799,0.003529
124200,0.931130,0.036502,0.005877,0.003382,0.000829,0.000567,0.000210,0.001159,0.016808,0.003536
124500,0.931174,0.036458,0.005885,0.003382,0.000829,0.000567,0.000210,0.001159,0.016795,0.003542
